function [country,C,date0] = getDataWorld()
%GETDATAWORLD Coronavirus data for World
%  as reported by worldometers.info
%     https://www.worldometers.info/coronavirus/
country = 'World';
C = [
        987 % 22-Jan-2020
       1258 % 23-Jan-2020
       1733 % 24-Jan-2020
       2434 % 25-Jan-2020
       3221 % 26-Jan-2020
       5005 % 27-Jan-2020
       6484 % 28-Jan-2020
       8248 % 29-Jan-2020
      10264 % 30-Jan-2020
      12401 % 31-Jan-2020
      15027 % 01-Feb-2020
      17884 % 02-Feb-2020
      21137 % 03-Feb-2020
      25064 % 04-Feb-2020
      28792 % 05-Feb-2020
      31976 % 06-Feb-2020
      35429 % 07-Feb-2020
      38114 % 08-Feb-2020
      41118 % 09-Feb-2020
      43687 % 10-Feb-2020
      45744 % 11-Feb-2020
      59924 % 12-Feb-2020
      65098 % 13-Feb-2020
      67780 % 14-Feb-2020
      69912 % 15-Feb-2020
      72070 % 16-Feb-2020
      74101 % 17-Feb-2020
      75981 % 18-Feb-2020
      76515 % 19-Feb-2020
      77549 % 20-Feb-2020
      78607 % 21-Feb-2020
      79645 % 22-Feb-2020
      80273 % 23-Feb-2020
      81266 % 24-Feb-2020
      82127 % 25-Feb-2020
      83263 % 26-Feb-2020
      84722 % 27-Feb-2020
      86540 % 28-Feb-2020
      88744 % 29-Feb-2020
      91377 % 01-Mar-2020
      93990 % 02-Mar-2020
      97295 % 03-Mar-2020
     100460 % 04-Mar-2020
     104778 % 05-Mar-2020
     109827 % 06-Mar-2020
     115566 % 07-Mar-2020
     121412 % 08-Mar-2020
     128620 % 09-Mar-2020
     137392 % 10-Mar-2020
     148668 % 11-Mar-2020
     163037 % 12-Mar-2020
     179707 % 13-Mar-2020
     197086 % 14-Mar-2020
     215924 % 15-Mar-2020
     236667 % 16-Mar-2020
     260591 % 17-Mar-2020
     288658 % 18-Mar-2020
     320793 % 19-Mar-2020
     359286 % 20-Mar-2020
     393313 % 21-Mar-2020
     430351 % 22-Mar-2020
     474157 % 23-Mar-2020
     520440 % 24-Mar-2020
     570426 % 25-Mar-2020
     632945 % 26-Mar-2020
     700235 % 27-Mar-2020
     768090 % 28-Mar-2020
     829422 % 29-Mar-2020
     893692 % 30-Mar-2020
     970019 % 31-Mar-2020
    1048310 % 01-Apr-2020
    1127689 % 02-Apr-2020
    1214214 % 03-Apr-2020
    1296675 % 04-Apr-2020
    1370693 % 05-Apr-2020
    1446487 % 06-Apr-2020
    1530439 % 07-Apr-2020
    1619429 % 08-Apr-2020
    1709057 % 09-Apr-2020
    1806994 % 10-Apr-2020
    1892427 % 11-Apr-2020
    1968992 % 12-Apr-2020
    2045417 % 13-Apr-2020
    2125843 % 14-Apr-2020
    2213442 % 15-Apr-2020
    2301096 % 16-Apr-2020
    2392354 % 17-Apr-2020
    2477658 % 18-Apr-2020
    2556272 % 19-Apr-2020
    2640130 % 20-Apr-2020
    2722699 % 21-Apr-2020
    2807608 % 22-Apr-2020
    2894683 % 23-Apr-2020
    2993215 % 24-Apr-2020
    3084935 % 25-Apr-2020
    3160301 % 26-Apr-2020
    3231331 % 27-Apr-2020
    3311036 % 28-Apr-2020
    3399720 % 29-Apr-2020
    3489576 % 30-Apr-2020
    3585301 % 01-May-2020
    3668721 % 02-May-2020
    3751189 % 03-May-2020
    3832490 % 04-May-2020
    3916777 % 05-May-2020
    4014057 % 06-May-2020
    4111098 % 07-May-2020
    4208480 % 08-May-2020
    4297430 % 09-May-2020
    4378277 % 10-May-2020
    4451970 % 11-May-2020
    4541611 % 12-May-2020
    4634324 % 13-May-2020
    4732947 % 14-May-2020
    4835919 % 15-May-2020
    4933654 % 16-May-2020
    5017422 % 17-May-2020
    5109663 % 18-May-2020
    5209255 % 19-May-2020
    5315365 % 20-May-2020
    5425149 % 21-May-2020
    5535418 % 22-May-2020
    5638219 % 23-May-2020
    5736669 % 24-May-2020
    5828962 % 25-May-2020
    5924665 % 26-May-2020
    6034869 % 27-May-2020
    6155202 % 28-May-2020
    6284939 % 29-May-2020
    6411983 % 30-May-2020
    6523461 % 31-May-2020
    6627166 % 01-Jun-2020
    6747521 % 02-Jun-2020
    6871498 % 03-Jun-2020
    7005773 % 04-Jun-2020
    7139621 % 05-Jun-2020
    7271184 % 06-Jun-2020
    7388297 % 07-Jun-2020
    7498689 % 08-Jun-2020
    7623749 % 09-Jun-2020
    7763783 % 10-Jun-2020
    7905619 % 11-Jun-2020
    8051143 % 12-Jun-2020
    8189139 % 13-Jun-2020
    8316042 % 14-Jun-2020
    8444665 % 15-Jun-2020
    8593750 % 16-Jun-2020
    8744991 % 17-Jun-2020
    8890846 % 18-Jun-2020
    9077540 % 19-Jun-2020
    9239802 % 20-Jun-2020
    9374223 % 21-Jun-2020
    9517779 % 22-Jun-2020
    9687319 % 23-Jun-2020
    9867266 % 24-Jun-2020
   10053869 % 25-Jun-2020
   10253526 % 26-Jun-2020
   10437746 % 27-Jun-2020
   10606004 % 28-Jun-2020
   10769574 % 29-Jun-2020
   10953455 % 30-Jun-2020
   11158074 % 01-Jul-2020
   11374712 % 02-Jul-2020
   11594282 % 03-Jul-2020
   11795312 % 04-Jul-2020
   11975924 % 05-Jul-2020
   12152782 % 06-Jul-2020
   12369476 % 07-Jul-2020
   12590832 % 08-Jul-2020
   12822375 % 09-Jul-2020
   13065769 % 10-Jul-2020
   13289087 % 11-Jul-2020
   13491229 % 12-Jul-2020
   13687945 % 13-Jul-2020
   13916536 % 14-Jul-2020
   14158878 % 15-Jul-2020
   14413123 % 16-Jul-2020
   14658769 % 17-Jul-2020
   14891349 % 18-Jul-2020
   15114815 % 19-Jul-2020
   15319953 % 20-Jul-2020
   15566711 % 21-Jul-2020
   15852568 % 22-Jul-2020
   16132358 % 23-Jul-2020
   16425873 % 24-Jul-2020
   16693408 % 25-Jul-2020
   16917169 % 26-Jul-2020
   17135377 % 27-Jul-2020
   17390862 % 28-Jul-2020
   17685752 % 29-Jul-2020
   17976623 % 30-Jul-2020
   18271986 % 31-Jul-2020
   18536716 % 01-Aug-2020
   18761088 % 02-Aug-2020
   18963384 % 03-Aug-2020
   19224206 % 04-Aug-2020
   19502592 % 05-Aug-2020
   19790391 % 06-Aug-2020
   20078123 % 07-Aug-2020
   20354932 % 08-Aug-2020
   20581888 % 09-Aug-2020
   20801908 % 10-Aug-2020
   21076794 % 11-Aug-2020
   21371547 % 12-Aug-2020
   21662624 % 13-Aug-2020
   21957157 % 14-Aug-2020
   22227524 % 15-Aug-2020
   22448495 % 16-Aug-2020
   22653333 % 17-Aug-2020
   22919005 % 18-Aug-2020
   23199958 % 19-Aug-2020
   23477010 % 20-Aug-2020
   23745983 % 21-Aug-2020
   24018447 % 22-Aug-2020
   24235499 % 23-Aug-2020
   24455008 % 24-Aug-2020
   24718405 % 25-Aug-2020
   25000731 % 26-Aug-2020
   25282878 % 27-Aug-2020
   25577595 % 28-Aug-2020
   25847002 % 29-Aug-2020
   26076821 % 30-Aug-2020
   26327284 % 31-Aug-2020
   26596282 % 01-Sep-2020
   26889491 % 02-Sep-2020
   27183735 % 03-Sep-2020
   27495344 % 04-Sep-2020
   27777157 % 05-Sep-2020
   28020847 % 06-Sep-2020
   28227345 % 07-Sep-2020
   28479618 % 08-Sep-2020
   28775928 % 09-Sep-2020
   29084038 % 10-Sep-2020
   29406968 % 11-Sep-2020
   29701994 % 12-Sep-2020
   29958160 % 13-Sep-2020
   30208987 % 14-Sep-2020
   30499316 % 15-Sep-2020
   30812026 % 16-Sep-2020
   31130837 % 17-Sep-2020
   31459600 % 18-Sep-2020
   31763816 % 19-Sep-2020
   32022737 % 20-Sep-2020
   32261615 % 21-Sep-2020
   32550034 % 22-Sep-2020
   32868482 % 23-Sep-2020
   33188406 % 24-Sep-2020
   33517189 % 25-Sep-2020
   33823456 % 26-Sep-2020
   34085384 % 27-Sep-2020
   34323773 % 28-Sep-2020
   34620030 % 29-Sep-2020
   34942788 % 30-Sep-2020
   35269511 % 01-Oct-2020
   35602490 % 02-Oct-2020
   35907098 % 03-Oct-2020
   36167698 % 04-Oct-2020
   36440142 % 05-Oct-2020
   36757972 % 06-Oct-2020
   37111440 % 07-Oct-2020
   37472996 % 08-Oct-2020
   37838208 % 09-Oct-2020
   38216764 % 10-Oct-2020
   38511309 % 11-Oct-2020
   38786491 % 12-Oct-2020
   39113156 % 13-Oct-2020
   39501340 % 14-Oct-2020
   39906003 % 15-Oct-2020
   40325597 % 16-Oct-2020
   40727847 % 17-Oct-2020
   41076357 % 18-Oct-2020
   41414341 % 19-Oct-2020
   41812149 % 20-Oct-2020
   42260176 % 21-Oct-2020
   42746433 % 22-Oct-2020
   43242059 % 23-Oct-2020
   43726907 % 24-Oct-2020
   44161271 % 25-Oct-2020
   44562646 % 26-Oct-2020
   45036888 % 27-Oct-2020
   45555909 % 28-Oct-2020
   46106212 % 29-Oct-2020
   46681679 % 30-Oct-2020
   47194671 % 31-Oct-2020
   47666726 % 01-Nov-2020
   48121181 % 02-Nov-2020
   48628650 % 03-Nov-2020
   49204755 % 04-Nov-2020
   49830999 % 05-Nov-2020
   50461882 % 06-Nov-2020
   51102458 % 07-Nov-2020
   51608522 % 08-Nov-2020
   52080594 % 09-Nov-2020
   52656686 % 10-Nov-2020
   53285203 % 11-Nov-2020
   53940439 % 12-Nov-2020
   54602956 % 13-Nov-2020
   55215109 % 14-Nov-2020
   55733739 % 15-Nov-2020
   56225291 % 16-Nov-2020
